The performance of the parser using badfeatures.model is shown as follows:
UAS: 0.229038040231 
LAS: 0.125473013344
